arcs_loss_per_epoch = [8617.461471757531, 7241.7555955524895, 7008.620286310495, 7138.941612679695, 7244.269231241207, 7403.9730091320835, 7306.944251261334, 7570.374991346401, 7565.861400349591, 7731.130438671147, 7724.994596010201, 7801.512539376521]
labels_loss_per_epoch = [9171.31998199166, 8119.684727577965, 8064.62747575168, 8374.630386711238, 8419.448231586935, 9107.857189145083, 8942.868842807246, 9634.333725338769, 10055.74007008409, 10883.304845365163, 11042.569543480166, 11691.202479965794]